548.17037037 513.7845679
329.61877023 513.80647249
110.17037037 513.7845679
438.99596774 513.72647849
220.09328358 513.74626866
  3.93197279 513.83333333
548.11528822 399.95300752
438.98785425 399.96558704
329.63571889 399.94842037
220.13161132 400.
110.11528822 399.95300752
  3.93877551 399.94217687
548.17694704 285.12461059
439.14470284 285.17571059
329.66858238 285.09195402
220.1292517  285.03277675
110.17694704 285.12461059
  4.11255411 285.05519481
548.12137681 170.53804348
438.96245955 170.43365696
329.6054812  170.40089229
220.15217391 170.5615942
110.12137681 170.53804348
  4.00877193 170.51973684
548.17037037  55.7845679
329.61877023  55.80647249
110.17037037  55.7845679
438.99596774  55.72647849
220.09328358  55.74626866
 3.93197279 55.83333333