-1.0 -5.0 0.0 74612.8928778653
-1.0 -5.0 -1.0 110984.52481136221
-1.0 -5.0 1.0 187467.04670009902
-2.0 -5.0 -1.0 296581.9425005897
-2.0 -5.0 0.0 298451.5715114612
-2.0 -5.0 -2.0 443938.09924544883
-2.0 -5.0 1.0 449546.98627806327
-3.0 -5.0 -1.0 631405.145945548
-3.0 -5.0 0.0 671516.0359007878
-3.0 -5.0 -2.0 740520.0417460387
-2.0 -5.0 2.0 749868.1868003961
-3.0 -5.0 1.0 860852.7116117582
-3.0 -5.0 -3.0 998860.72330226
-4.0 -5.0 -1.0 1115454.1351462365
-4.0 -5.0 -2.0 1186327.7700023588
-4.0 -5.0 0.0 1193806.286045845
-3.0 -5.0 2.0 1199415.1730784595
-4.0 -5.0 -3.0 1406427.1906142118
-4.0 -5.0 1.0 1421384.222701184
-3.0 -5.0 3.0 1687203.4203008912
-5.0 -5.0 -1.0 1748728.9101026559
-4.0 -5.0 -4.0 1775752.3969817953
-5.0 -5.0 -2.0 1781361.2840144099
-4.0 -5.0 2.0 1798187.945112253
-5.0 -5.0 0.0 1865322.3219466326
-5.0 -5.0 -3.0 1963219.4436818946
-5.0 -5.0 1.0 2131141.5195463398
-5.0 -5.0 -4.0 2294303.3891051095
-4.0 -5.0 3.0 2324217.453279054
-5.0 -5.0 2.0 2546186.5029017776
-5.0 -5.0 -5.0 2774613.120284055
-4.0 -5.0 4.0 2999472.7472015843
-5.0 -5.0 3.0 3110457.272012946
-5.0 -5.0 4.0 3823953.8268798455
-5.0 -5.0 5.0 4686676.167502476
