470.33333333 470.33333333
245.30064215 466.86981903
367.16112957 466.76135105
123.16112957 466.76135105
  8.32592593 466.73439153
428.38617653 425.35573425
306.1803653  425.31678082
184.38617653 425.35573425
 62.1803653  425.31678082
468.02838828 364.08241758
367.24155155 364.20526028
245.29548553 364.18033839
123.24155155 364.20526028
 11.40822452 364.19885937
428.48806818 303.07897727
306.19872156 303.10509494
184.48806818 303.07897727
 62.19872156 303.10509494
468.13631841 242.17512438
245.27020076 242.20159283
367.25610148 242.22711946
123.25610148 242.22711946
 11.25625486 242.2001554 
428.38617653 181.35573425
306.1803653  181.31678082
184.38617653 181.35573425
 62.1803653  181.31678082
468.02838828 120.08241758
367.24155155 120.20526028
245.29548553 120.18033839
123.24155155 120.20526028
 11.40822452 120.19885937
428.48806818  59.07897727
306.19872156  59.10509494
184.48806818  59.07897727
62.19872156 59.10509494
468.11187215   5.65525114
367.31118143  10.04817159
245.17842172   9.90595954
123.31118143  10.04817159
10.9982906  10.08957265
