0 13430.96462787539
1 15638.829881062054
2 14424.822125191795
3 15781.87095790085
4 12304.079415298442
5 15332.417687834764
6 14282.903255680169
7 15988.085990108835
8 15480.454968759404
9 15112.658505552596
10 17257.871237737007
11 15228.929300160273
12 16402.62326680543
13 14134.717074537388
14 14207.743500231067
15 14091.74117469315
16 16686.650588372253
17 17906.305836845473
18 13594.245874993967
19 16773.767533147653
20 13546.754221696568
21 15837.905868264017
22 15568.095467626577
23 15709.658064631327
24 14441.6042227845
25 14337.009235013313
26 14271.061857235885
27 14440.128825302238
28 15592.603257328303
29 15757.31594401799
30 15988.13823866362
31 15608.879788976503
32 15577.005949372884
33 16611.34194604508
34 13762.592789019243
35 13827.51861778496
36 12432.756645271955
37 13799.715950628899
38 16369.234072706382
39 15137.450432406067
40 16082.73470366126
41 14252.01828940741
42 14452.889474508454
43 16663.29267235614
44 15360.618850852774
45 14154.955346194889
46 14181.182018334874
47 14060.758244095387
48 13978.868698069997
49 13502.579222922497
50 16637.289067769892
51 16724.95446051146
52 18674.82574176984
53 15540.513655968483
54 14671.79763856368
55 16876.013947181047
56 15815.53883467253
57 15205.548825758146
58 16451.951715267227
59 18921.890000167055
60 15192.912412466445
61 17069.783252749472
62 17764.639755997498
63 16745.182198392395
64 15693.300729380242
65 14750.983653959269
66 16597.838350232712
67 15867.073601025402
68 17205.761954736743
69 15481.538405651694
70 14174.299947586205
71 13194.242797128596
72 16163.299108211113
73 15280.103854765879
74 14103.576360272004
75 14767.765430321886
76 14363.628898869785
77 13069.512999382203
78 16215.363367921665
79 16011.289519747808
80 16463.723168352804
81 13330.308968402242
82 15829.331596317223
83 16140.944432854369
84 17119.616789878648
85 14490.30610625194
86 14621.352832442655
87 15233.4777380399
88 16025.254240579736
89 16152.140335667293
90 16690.788564231803
91 13681.759395848765
92 15438.355567487655
93 14768.557871565232
94 14513.338934189525
95 14725.514737247258
96 14584.303744609908
97 15316.246189047406
98 15512.83983976746
99 15985.755806249887
100 13200.145022675735
101 16104.806852181802
102 16960.748299772746
103 16604.447201098257
104 18304.315578085214
105 14162.257591817093
106 15398.553443835202
107 15148.780599677943
108 16541.715762354474
109 14048.179615866047
110 13521.740291370168
111 14871.511449768192
112 17113.580119687882
113 14550.053635341601
114 15531.025455544464
115 14267.117751206431
116 14343.531065335477
117 15790.347565236865
118 15924.650814112374
119 18564.74027769172
120 16447.773992414466
121 14251.617334040106
122 13635.05019338921
123 15306.499129495825
124 15913.349763648583
125 16390.050663682523
126 15245.122790069887
127 14517.423862582391
128 16380.901998942854
129 15682.500525931035
130 15950.816645603083
131 13536.12459869989
132 15400.327274361947
133 16327.071028419867
134 14554.138366872408
135 16546.608763153898
136 13622.978053850064
137 15837.697423661899
138 15368.880626263022
139 15176.117981903813
140 14559.611711889942
141 14924.37085337311
142 17197.381126398956
143 17771.958427329155
144 14612.070907658965
145 15000.921992132748
146 14157.138646469379
147 15814.552048577889
148 15659.573554088327
149 15631.717347912632
150 16256.48788405975
151 16492.35278745638
152 18233.527811779953
153 15539.846040933691
154 14616.439613573304
155 14892.888661919651
156 14608.48862406989
157 14955.489580677428
158 15078.739510802574
159 15223.582456888289
160 17515.02183399201
161 15407.011056006439
162 15255.717979933283
163 17331.431265837135
164 14450.028564698494
165 18641.750242127076
166 16117.858976731972
167 14832.883524781038
168 17285.956347324533
169 13681.716731254248
170 14879.5814570243
171 17484.30025876616
172 16099.445609633514
173 14287.135603935927
174 13323.869894669539
175 13461.448048501166
176 14567.158884809076
177 13409.842931265104
178 14453.835709854728
179 14868.444231449223
180 16464.53966654135
181 15111.414427545653
182 16424.393670922425
183 15817.738527732068
184 15884.152184566905
185 16692.37885220089
186 11442.39429216176
187 14153.184321365448
188 17088.686073962202
189 14024.301358103212
190 14717.577065876312
191 15384.829974167611
192 15943.051019848835
193 15875.224635995126
194 13757.702603204445
195 13979.356090272986
196 15425.37967688339
197 15276.904056406696
198 17535.64994214932
199 14952.803787346975
200 14560.22517733951
201 14579.741586236903
202 14748.452977162538
203 15048.987426862455
204 14618.879080958495
205 14309.635899498746
206 16044.08129996711
207 15905.327076975658
208 16016.119738560128
209 12886.17328747064
210 16158.517699926982
211 13852.50457515802
212 15309.207695981759
213 13906.928313213526
214 15079.74317447907
215 16750.910666543667
216 16903.51441063078
217 13178.512163935347
218 16033.7117028691
219 14240.329598538481
220 15912.10538825505
221 17322.36009665953
222 14209.17994970348
223 14987.15141363585
224 14953.535237049582
225 15049.7167062568
226 15465.424741898418
227 14841.706748165716
228 15025.900164572407
229 20168.866902551646
230 17478.33450795787
231 15803.708609105684
232 15042.383716760853
233 14291.670573065512
234 16979.767227610464
235 16423.730303721368
236 14555.712296711788
237 13801.464040084706
238 15594.536277846519
239 14523.901596034297
240 14780.878571294692
241 16266.488686267663
242 13699.077474848325
243 15954.706322538588
244 15410.569987923811
245 15500.315096938995
246 14173.660724480265
247 14340.131484285732
248 16104.301936298285
249 15014.613260015763
250 15577.175039827423
251 13287.327103137584
252 14695.19600050445
253 16731.717256014996
254 18170.55069868471
255 14406.672063093063
256 13350.66441118123
257 12951.849030480853
258 16889.67964517036
259 17801.188502161327
260 14874.746576732354
261 14229.627220671817
262 16096.56305249631
263 15262.767273250902
264 15957.718730335733
265 14927.431053680593
266 12964.004205035264
267 18891.14928552183
268 14359.93578736332
269 16425.33155245522
270 15118.638156708315
271 15845.368803225196
272 15665.06718978626
273 16687.08947731622
274 15896.938084556208
275 13530.90377453947
276 16472.054897689814
277 15018.864022054915
278 13778.87923023577
279 15629.119095863658
280 14308.126352843765
281 15183.368591091263
282 15246.136601419386
283 13876.89999714723
284 13881.178157380695
285 14168.048102356546
286 14777.509981067584
287 13702.976543965131
288 13886.355817106154
289 14361.60715477664
290 14798.283696370583
291 15985.78115903437
292 14413.436476775014
293 17355.2012273855
294 14719.20369070658
295 13266.80082693449
296 13389.09870121259
297 15109.250357903924
298 15144.8543801783
299 14598.874180961158
300 13360.654186171465
301 16302.619722947084
302 15851.246969897576
303 14194.160342133446
304 17354.618713911837
305 15997.287120054943
306 13895.040980585463
307 14327.081518142099
308 14543.94141420209
309 16638.888203591752
310 15941.38469853243
311 14674.713396322602
312 16374.623153327737
313 14873.82156043368
314 14153.450319307583
315 14335.977553516535
316 13542.136540243762
317 14186.431552542048
318 14488.319040457194
319 16224.317381201945
320 17108.23658600818
321 13216.33669209919
322 17184.15793079246
323 13683.573441289667
324 18039.58043399928
325 14224.97330775256
326 15548.763131292028
327 15502.680152939954
328 18280.422747874505
329 14107.1759071301
330 12691.266177594389
331 15723.72283828861
332 16463.44235638927
333 20400.46200063049
334 15666.611409806424
335 14003.641702171082
336 15676.957310106709
337 14269.646572340154
338 15583.59733426803
339 12817.71675939636
340 16266.668620378998
341 14666.617021878528
342 14441.177245405892
343 16511.738240558258
344 14757.999800512385
345 15195.934458921762
346 14407.616944658193
347 14072.759506340424
348 16188.262224204194
349 13804.707768858503
350 17078.761681148506
351 15100.052392853579
352 14047.814386524222
353 14231.55959137994
354 13718.912039261451
355 14272.121520386629
356 14902.996670736384
357 15368.45162407921
358 15128.858894846702
359 15278.297164730408
360 17073.624342291678
361 16505.634529324474
362 16035.59863145511
363 16144.812886963498
364 14070.949785302473
365 15297.421177460594
366 14459.427603730865
367 15971.38733581577
368 12758.551363720695
369 15330.71656254661
370 15867.872313078858
371 15225.560109047008
372 17112.98302636569
373 16271.535149881096
374 14461.707454202642
375 16966.511722676292
376 15710.189260347739
377 14246.593238794105
378 17740.498788599758
379 13741.925695294578
380 13724.622675885148
381 16647.583349486602
382 13972.01239405867
383 13437.022534645024
384 15264.706777098687
385 15599.312149826252
386 16528.145547789278
387 15019.518774771599
388 14456.055574493508
389 13708.613301599693
390 14019.933075052979
391 16008.380868711516
392 15351.35325339291
393 13041.244737942685
394 14470.798911857575
395 16398.700472824657
396 16618.347756032636
397 15158.881500222355
398 13844.115397575568
399 16168.506687611398
400 14715.523487811888
401 14567.4149485182
402 18965.50274991039
403 13684.600076213052
404 14314.646345256599
405 15479.206234878366
406 13847.405565453733
407 16871.041957669884
408 15162.323279514112
409 14103.49887576486
410 16084.88970375657
411 13998.409476555576
412 14910.959347859938
413 14467.666654957126
414 15158.36806914763
415 16166.70330488791
416 13253.06551678163
417 16020.697111155017
418 17635.832047396154
419 15103.913012296282
420 15439.177334194603
421 14562.935140525036
422 13576.055254654897
423 13764.006208693814
424 14186.140583273995
425 14843.981582111843
426 16078.48474006852
427 16226.704101377445
428 13297.595930811332
429 17028.684998247907
430 14384.394797691839
431 14755.25254470358
432 14481.235223222831
433 16903.643513292867
434 15044.56082578824
435 15072.291600604409
436 14486.636090937905
437 15533.049554125351
438 13110.856181223315
439 14319.21246145524
440 14732.175082933421
441 17471.258791160457
442 17183.89499880066
443 14231.313696657588
444 16227.752283655103
445 13450.789417780266
446 14278.571815142535
447 14037.705145058142
448 15689.796816025471
449 13407.63574548511
450 13568.745505676032
451 14734.3341431732
452 14966.786457918352
453 17454.235901759177
454 14136.451774361049
455 16278.45866532818
456 12956.730013351029
457 13694.708890884545
458 15401.349065059001
459 14819.84254662238
460 16181.70338241699
461 16242.524562760364
462 15920.097060024244
463 15794.634730157159
464 16147.367629022207
465 16537.404032459955
466 15144.030070461875
467 15012.376832824808
468 13355.933162233656
469 15731.943093734586
470 15478.288739521795
471 16665.47136708303
472 14102.862537361918
473 18129.869306567045
474 14288.64750537263
475 15958.921416035608
476 14325.965690267538
477 14859.754060623376
478 14856.779573050355
479 13548.927286861048
480 13095.659158397024
481 13292.525974534656
482 16758.051703632253
483 15332.898854635436
484 13308.696803386005
485 14836.929803430914
486 14128.612460694718
487 16478.048815735623
488 16441.67212900686
489 13376.577488375618
490 15275.98860674393
491 17602.063451240236
492 12952.80768359398
493 16799.661128744803
494 16984.688310517016
495 14267.402792397514
496 13790.954698267235
497 20447.29926165594
498 16038.594204516516
499 17580.66429763707
500 13009.386517268382
501 13994.727451144656
502 13468.162658157185
503 16373.545889771234
504 13108.30930905273
505 15127.364074615993
506 14059.626480653802
507 13766.213917448404
508 15698.031235243863
509 15379.760726418188
510 16617.036745015157
511 14393.735546733718
512 15377.488352899349
513 15439.651937184955
514 14826.81569906704
515 14342.591863272502
516 16691.333500504625
517 16403.343083940432
518 13986.131494809631
519 15020.652045582909
520 14835.856789685302
521 15365.210420970234
522 14662.478534448524
523 14370.440332228189
524 16469.75368515371
525 15451.232447803955
526 14550.728433757617
527 14619.328709527163
528 15447.739205609054
529 13997.122957117577
530 15524.938136412473
531 16252.170773552258
532 16189.881587643751
533 13026.38739070265
534 13474.451972962928
535 16666.822262943613
536 15672.186408975549
537 14934.530482100805
538 16640.491755802796
539 15602.032756690498
540 15650.720575879128
541 14306.841219296788
542 13601.053787501649
543 12355.612147526375
544 14349.45321239049
545 18312.36171321221
546 15244.468299167345
547 16352.378723427217
548 15374.122612223442
549 15557.397113727675
550 13753.334523067258
551 12951.108559908354
552 15734.354253627653
553 14876.535548069782
554 16391.28325976585
555 14177.11734122689
556 14841.842256103877
557 14450.552494342506
558 15938.152993087073
559 15869.634205974993
560 14698.70911053217
561 15190.45854723281
562 14427.567127674396
563 14919.045236999162
564 16780.063998410376
565 16780.743401120388
566 15851.09077955434
567 12722.55619077252
568 14594.763784835222
569 17430.600963789868
570 14996.159130225153
571 15744.903113733075
572 14390.417061319386
573 13097.733490339797
574 13160.36277514219
575 13199.162818922545
576 13948.396754997619
577 14409.15132328639
578 16111.896967129385
579 15631.204045529512
580 15209.7928570671
581 15550.85494888759
582 15166.842551354384
583 16329.967333347164
584 15938.248875267946
585 14830.38712459679
586 15787.680294515787
587 16817.894281833087
588 14185.848891561267
589 14643.481321628697
590 14105.793907487778
591 13785.455266343457
592 14309.900216317483
593 14342.280607915787
594 15165.333735392902
595 13994.25167368448
596 14345.909548448906
597 16643.713891153093
598 12999.139641146527
599 14901.727343551996
600 16333.991993084823
601 15808.628478263994
602 15589.343064524157
603 16571.648525494296
604 15448.09298293053
605 15684.524809314189
606 13755.0113182663
607 13251.177630231894
608 16026.664865662393
609 14430.714145320422
610 14073.132033825314
611 17223.72748685874
612 14557.6825054978
613 14644.436973866597
614 14652.660239079212
615 14891.684304403036
616 14912.375145391617
617 14556.408992393322
618 16863.036477500773
619 14981.918843473826
620 13516.018564323356
621 17503.00370615241
622 16891.194621680403
623 13452.219350033878
624 14779.709084517106
625 14682.517562671619
626 13605.785729979187
627 14220.886320498013
628 14261.49992766955
629 13616.416945272678
630 13739.6385014372
631 13825.275531618166
632 13648.955952704931
633 17306.96260260253
634 17630.754333338868
635 13043.440821751674
636 12902.332379078485
637 16539.060634523506
638 14670.730026167417
639 13566.838472293197
640 14434.16766278205
641 12350.674710190102
642 14351.556048979472
643 14281.177424702539
644 16706.964304438552
645 17269.80157134476
646 14860.153693157738
647 17075.945981286153
648 12170.792569661102
649 14319.635988477192
650 16056.732453344031
651 14629.273094727629
652 13649.756521878691
653 15172.856780662787
654 14129.804962655688
655 14668.024321804978
656 17251.940664935642
657 14695.973540082003
658 13874.66320425777
659 15209.884587204377
660 16972.18552117625
661 15425.212917477047
662 11132.119340068391
663 13826.67523357719
664 12640.00169958111
665 16012.980173308768
666 12224.177177175927
667 14260.203418605355
668 15653.302872102793
669 13272.62533435169
670 15174.131027117943
671 14178.767395338586
672 15075.138922950497
673 15890.422939649236
674 13015.103366929956
675 13407.073311094962
676 14358.857872445471
677 14632.042647965816
678 17495.392700639124
679 14556.228722539092
680 14400.547540609941
681 15260.345303790582
682 14018.513628441555
683 14406.258920559583
684 15746.571639934651
685 14804.337869075724
686 15363.897834459667
687 15328.620515540953
688 14709.19834431295
689 16615.587026581823
690 14252.27059165912
691 16299.308359821405
692 13617.546194162232
693 14039.413667602848
694 13641.512877393163
695 12971.979735060233
696 12571.291549500815
697 13112.138235723798
698 18350.582696202877
699 12972.32552226829
700 14685.566501559986
701 12935.35794257332
702 13948.268120660841
703 14071.880822552528
704 14169.597599859348
705 14041.072680557463
706 16404.754012091445
707 18712.146530474318
708 14440.943712540424
709 14629.838376371335
710 15995.423155862476
711 16995.315444613
712 13297.945291915898
713 13576.709779070496
714 13354.787684646157
715 15988.471176276178
716 15804.328878301749
717 14373.129434050192
718 16529.609043407538
719 15576.918652487513
720 17599.668444907624
721 18398.039356111112
722 15406.076705574938
723 15777.894571274948
724 13144.21992574279
725 13431.318149719802
726 17187.178516733828
727 15649.530753806055
728 14818.604393219644
729 14873.926427590653
730 13984.470743760916
731 15818.282959225942
732 12807.889408440315
733 16753.006094582957
734 15256.21107187825
735 14967.584692052798
736 16242.21718201235
737 15688.54663393585
738 15506.270106986658
739 14641.430846194917
740 16161.833742619965
741 14780.947427761294
742 13260.044088754996
743 12324.82383073156
744 16059.40528958469
745 15145.68606472657
746 14117.396646244817
747 15532.6103592515
748 14278.868125058554
749 15284.499661339934
750 14558.843627884653
751 15258.528473746417
752 16413.035688004085
753 15087.452323447853
754 15474.109260263967
755 13095.02636149823
756 14887.52477745964
757 15319.003188644914
758 16529.853123215216
759 13595.850370626333
760 14001.328906486391
761 13622.736398311443
762 15212.58521655099
763 15577.006270023587
764 14488.933289058261
765 14039.228911749287
766 15994.571678452634
767 13752.816777059323
768 14114.072547308719
769 14526.77363576046
770 16720.446446947124
771 15142.702107899333
772 14831.79673322624
773 14774.101117294415
774 13617.358417912705
775 15384.200215008175
776 14227.942983624927
777 14353.52320805682
778 15853.560768138203
779 13137.076749583011
780 15404.22213100478
781 15412.831533016117
782 14117.4530016487
783 14973.988955069017
784 13500.347809339995
785 14656.49780715311
786 15740.076573555112
787 15692.778873098217
788 14125.247681668629
789 14243.551629236465
790 13748.13893749678
791 17876.958431404564
792 16071.170400907571
793 13596.844805232586
794 17361.40979387494
795 14172.24147964785
796 15188.925674682852
797 15486.64127711165
798 14796.839571881983
799 15753.685256678478
800 15301.223229197403
801 14548.928742695407
802 14042.93754689625
803 13863.471587185068
804 14424.56335318519
805 12538.630867305435
806 13302.019408191774
807 14352.121741401557
808 16277.46876825937
809 14916.699596699984
810 12028.501012363648
811 13374.104692038378
812 15870.700724833858
813 14359.980175554125
814 15117.085396599281
815 11986.630881973088
816 14243.592895259624
817 13560.402391179849
818 14189.1950313212
819 16335.272370900875
820 12616.712393364418
821 15882.451661105086
822 13998.40239160054
823 12349.389072638387
824 14167.351564121927
825 14685.70464120971
826 12648.065863545653
827 13702.229790571177
828 15795.806856795436
829 14074.535738530334
830 17586.894840341516
831 13193.648733238004
832 13652.496004949679
833 15487.429482711465
834 14299.697853145888
835 14522.488885629224
836 14955.50596560313
837 12337.141271217179
838 15134.933497017686
839 15118.525833086687
840 16440.60822180904
841 15314.020675921318
842 14791.344812370358
843 15769.344915737884
844 14281.394865301334
845 13044.027190921825
846 14120.662086633994
847 14972.021317863215
848 14885.584999616216
849 14295.572960421343
850 16394.068975105358
851 12817.104849681731
852 14658.101040040445
853 16980.467558298245
854 13613.044966389167
855 13533.976790821822
856 13789.54601847808
857 14353.641291779288
858 14331.861944469143
859 16395.577841568935
860 16694.11363217565
861 15398.198922639845
862 14514.411177203383
863 14916.792112441297
864 13457.688496720735
865 14074.728174400863
866 15066.591730404072
867 14053.834803522352
868 14261.491153372119
869 15669.574627595919
870 15970.74749819951
871 14491.048092411784
872 14410.427374984622
873 14399.856753994049
874 15291.963660540912
875 13240.94885263777
876 14773.2493165667
877 14866.504261952856
878 14297.554505660792
879 15687.823898469449
880 15730.77936815598
881 13008.606992100964
882 12126.54956956063
883 15128.641116813335
884 13409.411770489312
885 14736.47760076205
886 15753.26086907775
887 13376.601545099153
888 14695.439333767885
889 14950.743363180092
890 13445.504094436716
891 14125.63762316295
892 15794.278737277496
893 14169.086066508702
894 13585.870972050616
895 14203.285252821559
896 14378.203721766964
897 14269.156843420136
898 13412.167571507809
899 14925.847886595939
900 15826.66125945218
901 13812.228157062134
902 13659.08767992576
903 15608.274942204049
904 13110.27658006594
905 13792.153967999639
906 15705.180723008105
907 14909.494549120036
908 17682.398110208847
909 15211.695805476777
910 17250.100019106947
911 14262.140535896408
912 15281.663588806934
913 15014.36387830556
914 12902.70799299697
915 14497.610907676233
916 12081.026802312635
917 14314.42416204121
918 13519.648405440033
919 15804.849565193557
920 15244.923438593649
921 14081.8609218249
922 14351.191850416999
923 16131.72503640478
924 14802.727338860635
925 14444.029548368328
926 15241.275870688889
927 16734.036309032712
928 13392.008084882304
929 13179.690655563329
930 13887.625173370092
931 15361.177476389426
932 13408.166728930737
933 13116.709461574741
934 12856.742056189845
935 13784.932380693226
936 14788.18130272033
937 13837.779667701416
938 14344.51498140846
939 15226.741783694393
940 14263.719874481356
941 14606.682952272553
942 15948.655383497875
943 16960.07649907506
944 14571.240171472438
945 17305.20462613529
946 13261.735116519161
947 14010.272718760962
948 15457.17527138767
949 15798.396184111682
950 12537.014325979886
951 13523.617278885267
952 13834.85092210407
953 14018.93104262463
954 15528.082214021964
955 14382.189059092085
956 15005.99769784797
957 15092.004257988789
958 13055.09691545757
959 13445.872898857822
960 16006.350797180403
961 15309.035169448127
962 14841.193702481594
963 14338.864622706255
964 13584.997448345177
965 13787.52754890451
966 16460.323171626325
967 16252.535950240153
968 14190.617521044345
969 15570.501706429215
970 13764.687275734972
971 16159.602588517204
972 13719.191955760363
973 11937.441337661117
974 13161.277844968352
975 14582.562880852045
976 14424.587095000968
977 14690.986752696583
978 14498.430337485803
979 13627.8157353345
980 12881.871918735273
981 13720.105389232745
982 14091.003914240298
983 15681.784775113332
984 13656.373686887555
985 15521.177724789584
986 12997.029432509007
987 17241.640768812995
988 16893.33513160416
989 13321.126286584646
990 13464.41924224947
991 14843.140501682832
992 15481.879506395235
993 12181.951655036002
994 15546.993416249512
995 14510.112941897694
996 14487.027889463845
997 15142.673707199534
998 15830.36417735651
999 13421.080739746616
1000 13450.834528644104
1001 14218.40605797648
1002 14269.25158467958
1003 13386.927925018335
1004 16983.029921636084
1005 12620.028591100125
1006 15322.46865609331
1007 14308.296520139635
1008 12853.702349673187
1009 15743.988099053917
1010 14852.110598523577
1011 13055.419967253863
1012 13488.172424185208
1013 14801.410153415678
1014 12187.307101182536
1015 13493.623352795059
1016 12481.624884743276
1017 12385.561850109934
1018 15599.810644564344
1019 14479.875156193746
1020 13088.176445003532
1021 14813.22659788342
1022 14134.651043767275
1023 14291.106618421345
1024 12757.598820270141
1025 14806.124638219173
1026 14387.8778239082
1027 13066.595810679895
1028 15100.066483137809
1029 14866.0607197851
1030 17090.523170564084
1031 15622.170345641121
1032 17067.7709028267
1033 14931.960133359195
1034 14486.214760766357
1035 13935.631573258852
1036 14353.000355430753
1037 15055.234179576659
1038 17852.896506965666
1039 13465.26060509389
1040 13793.399244049999
1041 13572.781894245838
1042 14127.255798393322
1043 14789.256892650868
1044 17302.39026098933
1045 14333.986953873406
1046 23787.614178717587
1047 16056.43742690497
1048 13647.55504094881
1049 13191.43306134452
1050 15148.07923848882
1051 17153.39255696598
1052 15268.440630324827
1053 14790.051405942173
1054 14369.208347660737
1055 12250.00067116639
1056 14244.036959348901
1057 14308.634636293851
1058 12352.087474755177
1059 15245.299294270326
1060 15896.438044435232
1061 12108.753465431968
1062 13270.946367519387
1063 12616.115953369152
1064 15998.573211862124
1065 15613.68891082676
1066 13615.328007315187
1067 11312.187913302414
1068 14792.145594785501
1069 15150.672524871028
1070 16475.394758720322
1071 16008.62009574755
1072 14411.363260722641
1073 16429.01513836817
1074 12756.205676800313
1075 15935.121389400028
1076 14524.094379928778
1077 15087.878304729385
1078 11938.496596147159
1079 13912.146741948534
1080 13321.766139164904
1081 15042.024126729464
1082 15845.447540206364
1083 14110.969298593523
1084 12496.285776717155
1085 14618.969488673694
1086 14474.17140145632
1087 11451.536475190958
1088 15506.543290223457
1089 15203.009996286455
1090 14195.130592392261
1091 13500.910890529756
1092 13517.274254421423
1093 14584.227072088097
1094 17212.5291814976
1095 15319.994724166909
1096 12574.960671362816
1097 14114.629919338082
1098 15681.045417079918
1099 14056.420704484684
1100 13347.166678146858
1101 12821.476329738383
1102 14426.497162030786
1103 14656.890623473646
1104 14903.757559107371
1105 16519.51699723434
1106 13005.049242088602
1107 15245.647400194608
1108 15302.257763606536
1109 12231.814915737168
1110 14905.026420625916
1111 14582.201909630243
1112 13897.824851683747
1113 12197.54591288733
1114 13900.575947569112
1115 14119.861924472183
1116 13554.00372651467
1117 14354.5433212681
1118 13580.360980694211
1119 14497.167359540965
1120 13243.666007684993
1121 14341.087675933195
1122 14179.635909846616
1123 14638.484975812615
1124 15976.627181275146
1125 15407.044118983778
1126 14818.064862838992
1127 14112.975455389877
1128 14047.658035514196
1129 13677.175525324854
1130 13355.86181217209
1131 14514.793760735616
1132 14683.870904876601
1133 14165.67831470499
1134 16556.717201736617
1135 14336.504914635163
1136 15175.09593578196
1137 13537.698565630762
1138 11720.3530080247
1139 13062.604493790983
1140 12658.054400040022
1141 16461.353402724624
1142 17110.280143491455
1143 13319.662404625813
1144 12504.067606142511
1145 14874.831641519411
1146 15535.552213953088
1147 14001.812968412078
1148 15459.678454602003
1149 13649.950130390353
1150 14148.78206777809
1151 15279.513299366017
1152 15075.894733223684
1153 14236.257562604902
1154 14206.33930402761
1155 11625.606581420596
1156 15427.225197896298
1157 15863.818787512579
1158 14106.273305291437
1159 14946.677908676793
1160 14016.95855670806
1161 16175.38619032247
1162 15399.17496922356
1163 14696.748400534456
1164 15321.196372395614
1165 13675.81230511563
1166 13885.037961510936
1167 17145.062738662877
1168 16201.917140130168
1169 14180.940122168575
1170 13730.894085287886
1171 15120.406224701634
1172 15397.384088527944
1173 13873.979524903261
1174 15046.458140079103
1175 15368.726764682337
1176 14643.554461913169
1177 12841.174777440967
1178 12628.283536641713
1179 12831.376492453162
1180 16307.905002821044
1181 14579.421890889156
1182 15461.386506863899
1183 15235.253314619657
1184 14510.81847643876
1185 14544.3153736513
1186 14503.05907304435
1187 13382.382967087771
1188 16744.42373382661
1189 13224.797573038508
1190 12447.415978396288
1191 14306.744845541214
1192 12682.617126809822
1193 16004.578894477658
1194 14251.978981469896
1195 19003.64573944518
1196 15711.814409976858
1197 14066.275285923515
1198 14676.247981332725
1199 13966.00168958652
1200 15837.528672298538
1201 12419.400038727503
1202 14009.45033934226
1203 14919.381290282712
1204 15885.820056464836
1205 13991.545920237475
1206 13342.932879319082
1207 15232.91762300141
1208 13303.653592524175
1209 14506.599252494765
1210 15056.469935214533
1211 11935.860401228543
1212 14375.97988479724
1213 13619.1076835797
1214 14200.487118185198
1215 15021.164227071558
1216 13322.312875439311
1217 12819.895810103548
1218 14798.733300723654
1219 15312.921783222386
1220 13883.664026510314
1221 16165.940051318988
1222 13507.368154652491
1223 15763.459106294315
1224 16721.2137507423
1225 13099.622446928446
1226 14168.445072115675
1227 17229.092537591598
1228 11498.180661448492
1229 14771.558782705284
1230 12164.510595589143
1231 13077.745771091699
1232 16499.92885802393
1233 13809.075184852443
1234 11990.539678445599
1235 13449.693856775126
1236 15793.844014149052
1237 16541.612840609636
1238 15363.802949958459
1239 12769.549563834746
1240 16292.360603942874
1241 14288.810531848232
1242 12570.829885910482
1243 14362.600396042271
1244 15522.334298663838
1245 12803.32786606031
1246 13993.294146276017
1247 15709.637698187411
1248 13033.892334644328
1249 11800.51178553142
1250 14435.81598597252
1251 14983.083161601702
1252 14775.774789966945
1253 13262.749732246513
1254 14206.247738565187
1255 13243.04023006987
1256 15124.939557049085
1257 12648.602230737952
1258 13153.521079595754
1259 13436.333008523026
1260 14681.476819679418
1261 16313.519724269008
1262 14935.999094475566
1263 13375.77879180585
1264 14857.31182638841
1265 13581.748032352885
1266 12667.525779629148
1267 14196.273106633922
1268 12112.361847742533
1269 12196.510991503534
1270 11526.48541982993
1271 15482.412648944726
1272 12527.135624491539
1273 14127.563221639137
1274 16532.058993850354
1275 16860.09689327571
1276 12351.477073800852
1277 14221.16367954234
1278 12930.435806416772
1279 14224.053024283943
1280 12560.74951715169
1281 17054.59382430498
1282 15366.09341035609
1283 12210.5973770224
1284 15159.866920100178
1285 18603.792041313834
1286 12800.889351987887
1287 12626.129333817009
1288 13995.774138277562
1289 12810.1917411609
1290 17454.881029679786
1291 14681.785173108121
1292 15576.341414997236
1293 13129.923948209498
1294 14555.776020251953
1295 14277.271427736783
1296 12559.581627114889
1297 12633.705496932263
1298 13625.716292053385
1299 14431.570480809907
1300 15137.294079466757
1301 13097.44159249437
1302 13566.865563144927
1303 14343.133845223427
1304 14961.382947287355
1305 12581.324692715456
1306 13134.622653710665
1307 13713.666917227354
1308 13037.150288590192
1309 16219.034041683764
1310 11462.415781298883
1311 13864.727198117045
1312 12103.561937073044
1313 12683.291980696951
1314 14102.981776497792
1315 11072.870210359648
1316 14027.91557397826
1317 14511.738214752542
1318 13330.406745208862
1319 14553.586625435817
1320 18052.28955983103
1321 13683.488371020103
1322 13828.447509052821
1323 13199.50062830898
1324 14148.019372908344
1325 22051.946115290484
1326 12577.00968434565
1327 15684.45383821565
1328 14396.04479252417
1329 15716.585761004884
1330 16004.776515158504
1331 12072.660224046082
1332 13586.205446331203
1333 12460.54074212958
1334 11816.083629457065
1335 14393.736879573204
1336 13664.904240187067
1337 16063.683464850155
1338 14516.844405536827
1339 13002.13047303633
1340 15441.764222230815
1341 13445.168190111712
1342 16605.13679041817
1343 14150.705920017852
1344 14746.307476543408
1345 11368.747041987897
1346 13016.482189038004
1347 12815.59162044851
1348 18268.050629556223
1349 14093.21921710758
1350 12333.836615179433
1351 13150.62052309425
1352 12842.983653095484
1353 11569.042379934235
1354 14276.188622405929
1355 13096.222021559732
1356 15918.976908552762
1357 12678.633370743619
1358 17004.013606723158
1359 14891.3631686582
1360 13782.057085918315
1361 13039.150829090036
1362 12941.466351924902
1363 17183.79669896582
1364 11006.07447278963
1365 12001.92741300069
1366 17127.257803704077
1367 14606.849010044123
1368 13577.836674978125
1369 14295.010300915208
1370 16980.349438606278
1371 12657.150491725786
1372 13265.466032850118
1373 14497.17809116858
1374 13733.102381368175
1375 13275.811685975814
1376 12791.329842775358
1377 15277.070496069811
1378 15028.2092015547
1379 16611.845229529292
1380 14425.51564011799
1381 13734.549392119747
1382 14092.60934900362
1383 13553.357319608725
1384 15080.102989003512
1385 14110.656526931494
1386 13638.072862656127
1387 14351.4149982659
1388 15085.220299317178
1389 14371.969937620106
1390 15595.739594251305
1391 13120.065767413615
1392 16440.26730917542
1393 13253.547175836517
1394 13535.453983872687
1395 11985.151316921032
1396 13591.993376251294
1397 15150.202081644578
1398 12947.62342169137
1399 15663.013307512869
1400 15025.84435479797
1401 13452.76136677236
1402 14203.960003296992
1403 15706.798249722644
1404 12874.247183705831
1405 13610.768639470367
1406 13180.44455353576
1407 12544.731318091017
1408 17261.78670987966
1409 15203.974957226092
1410 13902.135739669822
1411 14300.29163751376
1412 15128.115591847032
1413 12521.987673133734
1414 15415.165238202095
1415 12399.843024271557
1416 17230.9969627195
1417 11078.625274016396
1418 12991.506478987807
1419 15814.297500022143
1420 9151.249821111158
1421 16397.26848909333
1422 14481.277095335248
1423 13058.628043314182
1424 13438.62229280851
1425 16056.779828701998
1426 12399.272628102408
1427 13456.995119775964
1428 15413.90388184344
1429 12540.221792687107
1430 14336.975422526177
1431 12061.873014395102
1432 15758.796310708174
1433 13707.136177464028
1434 12080.006382438733
1435 12142.90387848725
1436 13073.417005609052
1437 13997.198126499105
1438 13664.906092541023
1439 11571.530767685683
1440 14217.283419685162
1441 16180.762106332399
1442 13506.940979828829
1443 14710.930200291781
1444 13552.837889158809
1445 16403.354369334902
1446 14000.462808640556
1447 13867.453945459702
1448 14838.36109962719
1449 13817.057157342599
1450 14434.592163618883
1451 13990.348389761848
1452 11042.523132308594
1453 13886.130318357913
1454 15232.365006390051
1455 14133.154646765188
1456 14326.12295555484
1457 12548.475349299344
1458 13254.639729483983
1459 13198.684906254593
1460 15337.969777794335
1461 12706.804862739806
1462 14049.125859879969
1463 13359.021805596001
1464 12776.236516910134
1465 15061.044232327713
1466 13853.005978006986
1467 15368.371082624584
1468 13345.017882536358
1469 14732.126281524877
1470 15114.324740889886
1471 13895.822164425505
1472 12021.424619569236
1473 13761.317110378584
1474 12583.236625326346
1475 14727.995357920965
1476 13229.288376049974
1477 14919.427765947396
1478 14669.689834644383
1479 11170.950764981793
1480 15926.813443808669
1481 13914.373824062897
1482 12090.583819769978
1483 11527.303283984653
1484 14582.417610223087
1485 12886.682293761829
1486 12447.323750613074
1487 14781.559132098402
1488 14560.328796451384
1489 11996.607513583916
1490 13884.740196834162
1491 12646.384783475056
1492 12128.647583605925
1493 11830.124187548543
1494 14364.606601087362
1495 12688.454846651919
1496 13161.534967934858
1497 12806.518128534299
1498 12472.795263069755
1499 14079.929047757762
1500 11813.552534796096
1501 12454.232356191938
1502 16109.415248104793
1503 13082.732124746564
1504 14577.736310196551
1505 13868.828597170963
1506 14346.384817562199
1507 12371.91551531452
1508 15374.321247695676
1509 14750.437302412467
1510 14502.569571110835
1511 11947.150833249825
1512 17868.82061153429
1513 11839.539250340018
1514 12870.885863528001
1515 12509.022840899592
1516 12110.29732003481
1517 13529.522900566817
1518 14179.323919957878
1519 12286.232922826472
1520 12828.703269025757
1521 11547.14998536608
1522 11647.298392907913
1523 11257.756558785766
1524 13219.032544076223
1525 13403.258703172763
1526 14244.254193087667
1527 14274.747771058192
1528 13031.468538050498
1529 12044.771337887672
1530 14298.380596320683
1531 18191.24500922987
1532 13781.491428643236
1533 13918.275416716211
1534 14792.576299671606
1535 13852.997805191004
1536 12519.261349702705
1537 11227.868772879556
1538 16842.29331428964
1539 13018.186905386921
1540 11888.084832762046
1541 14368.82003125084
1542 15511.731128052452
1543 14125.326379926188
1544 16383.469994486464
1545 13653.597407785845
1546 12569.355924603613
1547 12364.924656679957
1548 13175.389412210003
1549 13063.265718436076
1550 13187.931306327211
1551 14259.073813462941
1552 13090.56092645267
1553 16171.599001110962
1554 13552.44971398223
1555 13666.193532303127
1556 11668.226845225652
1557 15469.030956999568
1558 14939.66106894465
1559 14976.72236707659
1560 14660.878796227858
1561 14375.994075798213
1562 12443.62061511784
1563 13305.746479272973
1564 11818.109506336898
1565 13182.98613646659
1566 14510.563035512105
1567 12380.033328852232
1568 12674.849330499006
1569 12369.276281183611
1570 13628.704963831195
1571 13121.946264679043
1572 13727.383738121196
1573 12564.653088646039
1574 12742.760650550903
1575 14925.453591339368
1576 12757.70236978768
1577 11529.266195164473
1578 13381.591473294036
1579 15712.673793726708
1580 12408.47954889502
1581 14914.564789145648
1582 13057.131769357466
1583 15066.630688324198
1584 15684.7967651792
1585 12828.200878717944
1586 13923.892149016609
1587 15315.830319521525
1588 11774.986491531148
1589 13683.694648673796
1590 11721.643397778274
1591 11554.798284695331
1592 12203.86038661659
1593 14176.861792863629
1594 13871.811912690622
1595 14181.515694932103
1596 12689.041316172119
1597 14060.518171599071
1598 16294.935760050716
1599 15893.295339431783
1600 11730.799405244014
1601 12570.079788062088
1602 13758.964687801148
1603 13128.418371141535
1604 10596.87532103807
1605 12438.599545501022
1606 13118.097870064994
1607 10921.460341592046
1608 13322.59719000039
1609 11157.641429973008
1610 13591.206274476568
1611 14376.734636773748
1612 12227.75788114023
1613 13754.046868317646
1614 11038.870723227767
1615 13171.07486639945
1616 13515.288527631394
1617 13674.539215455343
1618 13923.404367844963
1619 13506.399112815785
1620 14317.915006969404
1621 11814.237414985431
1622 14118.16339326547
1623 15366.742605257117
1624 13131.850811567381
1625 12203.421537509395
1626 13119.442739831817
1627 13531.780797951973
1628 15191.122249777753
1629 14696.601091224105
1630 13307.596928502853
1631 12357.495404331105
1632 15162.39448848274
1633 12055.419696978935
1634 13688.887273181252
1635 12392.5650987317
1636 11788.074004319162
1637 13218.107007948698
1638 13777.619854529983
1639 14732.6988033225
1640 13550.558401975379
1641 12634.8280566648
1642 12465.179160100848
1643 14867.098783895683
1644 13888.155347159889
1645 13568.406833410087
1646 15986.80781353725
1647 12926.51770875571
1648 13317.704261564933
1649 11058.575456592695
1650 14661.0160387829
1651 14632.369193929528
1652 12809.288136974237
1653 14030.131296155272
1654 13706.973979898672
1655 12892.417258681357
1656 13002.519087423425
1657 12448.816026903516
1658 13524.099506954373
1659 12645.378828496348
1660 14787.232039972341
1661 12574.643495459
1662 14957.060965293798
1663 13777.909122332348
1664 12203.132018890228
1665 13607.103112738612
1666 15119.956328393839
1667 12335.14932867971
1668 14127.67170467094
