805.98259387 282.5535949 
318.43245876 155.39149037
792.25141741 266.77406402
806.66479398 255.23867806
263.15755614 121.62536409
350.57232783 394.16952387
336.82207397 378.69859006
316.47937043 210.29335441
622.75513771 273.90958753
351.2318335  366.78382007
394.01058495 357.80641705
791.1637754  294.20968695
788.4871655  349.55821345
275.27920238 191.48819036
301.84597888 222.41556724
763.13701279 291.04128335
356.27099238 256.57085606
349.26798235 421.69460109
276.14196419 164.09156562
748.5241574  302.88029778
749.64025404 275.65383423
804.38365012 309.95711695
328.66170796 253.24991795
272.96213934 246.18974141
736.05656507 260.19801999
373.51674172 189.72970169
776.43349905 306.65332684
329.62073792 225.61508581
747.2884794  330.57667584
384.31338888 259.97667018
306.90737644 430.17677069
392.84724519 385.34520884
276.83144816 136.68332   
801.70952476 364.6186637 
440.25756761 266.77392883
234.78613561 144.93243034
357.26764222 575.04747862
397.96902237 275.39035255
808.08087638 545.36532263
382.19077868 314.95932254
273.92365349 218.61348021
305.00330306 140.07345052
307.84422463 403.2753878 
383.52417685 287.25188317
793.47145895 239.12054775
449.01870061 391.88163847
375.01541241 134.94676074
346.82064148 131.54601721
329.15525205 571.87113518
355.52885605 283.97788246
396.71883344 302.82589494
791.91044177 584.90841803
317.44986512 182.89580706
302.87730504 194.93134689
735.16863899 287.22254798
767.76701927 498.86557109
764.11426861 263.51533263
347.96563793 449.32322056
346.84194987 476.37763624
785.9930054  404.57302767
271.95843901 273.45239561
418.04205904 443.68626777
433.73165118 404.34314587
805.49075808 600.42365904
378.17445166 397.4859199 
319.87069097 445.7610043 
335.62776952 406.45048452
800.82453451 392.38175503
385.51440113 232.33899207
807.91635964 227.42480395
693.53007402 268.5513304 
290.5286923  151.90078022
314.02115313 265.02403842
262.70746645 148.42080678
330.44991536 544.18882886
258.17190983 258.27376223
637.62581633 261.78108031
702.54920531 394.3911695 
789.6127607  322.01355282
737.13505757 232.70301638
412.02843268 263.59476184
332.87869639 143.38457709
333.6985094  116.34622323
345.26714164 186.38644694
692.53065001 296.20933989
345.86192513 504.25940885
411.38180583 290.91604647
362.34529617 437.21858972
777.67267256 279.05462754
401.09649243 193.11260452
277.77872415 109.37649745
357.55478729 229.15329858
773.24941936 706.74660812
806.83740436 573.06268299
341.94965547 268.54918082
356.56725324 602.21664439
609.2668509  258.51883617
333.28466156 461.07789641
331.81559329 170.82069567
775.12215247 333.92586852
434.7995795  376.66227626
398.72350304 247.84547242
439.41575058 294.29799915
778.80691586 569.61895263
322.56141487 390.77368846
788.64973368  31.38511983
467.32397223 297.514897  
534.1802216   56.46871675
400.08247211 220.71973917
305.20635026 458.07415938
733.75268636 315.06312655
395.3923633  330.31952441
364.84818585 381.90398868
722.43026209 244.89470823
769.91911596 444.16389729
413.40011156 236.01329627
707.16594127 284.05160138
436.2437902  349.26148784
304.14057315 167.79256609
391.58368556 412.73786175
746.03202817 357.95389892
804.37636586 627.90171146
305.91824675 112.99048747
374.27822364 162.34291503
790.96308804 612.47148774
721.43774468 272.09218905
344.39531957 213.78672232
765.18530644 236.02725589
291.14648225 124.87218821
678.74456456 280.55215554
327.63640791 280.26561562
323.70951809 363.21316585
363.27691774  92.00755165
703.05127815 366.74639088
803.03596469 337.67708277
441.09873276 239.30537662
318.7653079  473.62412379
750.5848214  248.03500044
363.72814362 409.76301485
334.59386283 434.07050697
665.41230763 265.25950134
773.75295863 361.36718055
407.11785325 373.3399378 
342.95555979 241.0683449 
259.43157386 230.81142179
367.33903071 327.07354441
794.82015268 212.01219376
247.27284587 187.72092775
306.91900466  85.52041257
220.10067327 156.85240941
664.48478389 292.85418072
308.97603689 375.61316508
449.69727601 364.33429601
780.19857866 542.14249907
679.80077431 253.17000091
361.66059163 119.74658924
638.79304626 234.24674612
358.61961488 201.86982745
346.31119236 158.99635362
624.13799557 246.43016994
380.9465257  342.05284883
674.04619929 390.59151781
404.94620729 428.12020834
420.64103445 388.51223651
315.29014102 237.57057893
803.42612436 655.049102  
341.05423734 296.00014165
289.37285092 179.34583364
783.34939243 459.24070254
802.6289987   19.46254731
366.12023491 354.627347  
701.14451372 421.88302781
409.77679913 318.48998807
373.67401036 507.50319258
261.66817079 176.18813095
286.179917   261.78470955
428.21052451 541.82808076
386.70565873 205.16853981
370.89069368 244.5964343 
695.68657696 213.99472736
461.75694787 407.63606594
319.04766828 128.37598286
412.4864303  581.46796731
456.2563711  545.01493477
778.64865449 251.65622646
415.97271855 498.45150122
534.70494978  29.39742803
766.45022811 208.51510398
444.68415693 474.34012938
427.01682897 569.31554838
369.88401278 271.99671315
787.11551479 377.14735873
649.63694165 304.63116697
779.73580452 223.97189262
707.76134202 256.86703713
440.4047215  584.82507087
387.76212133 177.96003729
593.99515277 297.68165333
338.13273172 350.97906578
414.39468531 208.49531065
755.3910199  455.80026297
763.33438487 609.06525696
482.70011691 258.27042437
432.71233588 431.55185752
572.04968121 157.61380381
248.90224676 133.11183802
718.91577719 327.18311449
759.26447352 373.77584338
751.78582628 220.80194646
314.92029584 583.9965124 
732.43151925 342.8164967 
360.90886326 146.64923558
468.2072558 270.1713879
264.53895787  93.82367731
761.71518554 318.44561979
375.51767657 452.4552785 
354.23888275 311.63248228
787.70087318  58.60841553
389.12237726 467.33864824
345.02742253 531.48356083
377.59617605  79.91031347
772.61036493 388.75719407
453.93626637 282.012621  
709.14372426 229.3124181 
625.20697554 218.96622384
595.87747766 243.10359025
423.11049094 333.77116379
248.37339966 160.4404159 
714.08351075 437.53273382
465.55746411   7.35457561
280.22317788 399.57847581
260.70438315 203.5346868 
342.70631224 586.92930375
353.08796632 339.36016486
431.13708209 458.72106159
604.24486541 368.45540072
371.89201447 217.25060821
744.80836248 385.6748432 
358.25605351 547.15357558
388.94550065 150.23669959
206.40554133 141.28592295
680.75672931 225.74725722
622.06107438 301.26315969
300.97565069 249.6171911 
295.84951907 359.56906281
799.51053791 419.85851266
387.30998559 522.68255296
335.09725606  88.91737207
793.20932321 557.75648983
246.406588   215.22910528
457.99885112 489.82501468
374.35013292 480.09662235
302.6526791  540.65305825
476.57119037 395.1186305 
730.18989594 397.64629146
321.35571038 418.6327094 
566.07373516 294.76110641
688.50127797 378.89059934
563.92185554   5.27261625
757.04427547 428.54584085
558.71345213 141.93784247
562.97546619 350.15053736
386.0703021  550.66063175
320.4912503  100.56957026
562.14015504  59.93596073
421.87556632 361.32925063
276.06823102 482.37337672
447.45655094 419.58369196
592.5245384  325.53565975
277.47561743 454.42059434
566.74999091 267.16851484
287.25283096 234.24180156
424.45039369 306.16446011
264.2361251  439.25490555
794.63451547 530.08511727
294.86586336 387.41996966
487.10502636 465.40356547
720.66446138 299.52877224
230.52612821 254.77450291
462.85443275 379.85131004
738.4575137  205.78712486
764.09449627 581.91177929
301.04622287 568.6844062 
784.75132039 431.9363248 
653.05109384 222.25368588
258.46898178 577.66038857
650.75178377 277.4020261 
343.87737279 559.56915077
403.20988105 455.85209376
406.12890454 400.87231036
299.93739998 277.00947751
771.72521069 761.59240322
398.30580436 593.53119365
425.820701   278.83008585
247.60526038 506.66930542
675.13779559 363.2051568 
610.98463649 230.99774279
576.13950662 365.28050861
233.64082591 172.40871183
758.21258751 401.32119834
144.81388313 271.94783709
723.6261794  217.34839428
318.04575356 500.73588304
293.34308179 415.17527087
749.28453466 594.09082829
620.42478155 328.93528287
361.3644871  464.36261626
278.98564069  82.03269945
426.72692336 251.63452788
776.72552041 624.4338974 
738.84964058 523.34176466
330.91472075 198.49301799
478.87618872  22.52018791
771.41714029 416.4792296 
437.88128082 321.54401025
627.79149457 164.13063089
451.20649361 337.26251239
626.53513056 191.65347646
697.74912639 504.46500242
574.11665884 420.61437604
411.76038454 608.87646225
243.8956246  270.11345085
698.56230429 476.69636668
603.5076156  396.13360743
754.17329115 483.55495601
594.84102637 270.4559461 
390.38046673 440.5328844 
443.70481708 184.42300886
416.83648571 153.25227976
370.44778669 590.36380498
560.43922242 405.31440038
230.62465919 573.90485588
477.69228394 367.72154938
339.27854064   6.17217068
670.32116525 155.8932166 
339.69849345 323.52394489
114.1274462    6.25304885
597.38074333 215.70894628
389.60350325 122.92174684
435.28922004  58.61123171
740.84580365 467.76368446
576.18828255  48.15855132
787.12088952 721.82708958
687.56860367 406.52280598
680.23058915 571.9963068 
768.69942974 471.31131473
304.18896662 485.48311286
705.60689734 311.81483464
736.13027791 578.74711305
704.5127482 339.2954619
400.56608447 538.43620842
510.67186301 261.15827126
445.97930201 447.21740204
274.68079721 537.83818029
372.66569652 535.3400234 
250.03992746 105.81374885
364.62471461  64.53886386
359.81780798 174.45716054
641.20108397 179.89189041
707.30518379 602.72255058
379.28032089 369.97489907
796.5960401  474.73047439
623.95839496 565.29738003
781.24855078 514.47536055
408.46917693 345.78923837
484.02749015 548.49099231
713.16661875 464.7866376 
581.35570558 573.9390761 
699.8588455  449.46124608
261.00194817 522.42873341
483.83040405 230.22834495
554.44399252 543.23292453
559.11178139 432.81193181
229.45334317 281.69395917
236.57447331  90.42218959
654.34605446 194.94284723
668.01424447 210.57390419
666.75218101 237.71632956
481.71330422 285.20471376
642.26179778 152.33879404
689.72528376 351.56473466
753.06356902 193.27424957
802.02239704 682.67751303
442.64358688 211.95466996
431.42994112 141.31579861
748.55317251 621.49369852
671.73346072 446.0716209 
572.79406598 130.4806545 
259.62720399 549.80289356
371.61113673 562.8626891 
231.85778848 546.74712267
399.14446701 566.24992884
427.63447072 223.95549317
287.97542429 553.31929775
457.20755795 199.78550236
708.34576981 575.39000754
298.37791648 304.75828956
797.93965053 447.28543709
575.26419338 392.96439107
580.47763095 282.53093801
802.01135383  46.95326934
317.18209558 528.67007592
452.1205201  309.57324467
759.94375106 691.39278274
249.70887775 451.60136128
737.59376052 551.27504391
686.55542143 433.85524632
326.41346978 308.22251032
789.98556644 639.67276537
665.6393434  584.32346147
504.42896928 398.50880236
310.32806948 348.14453191
273.30984427 565.24525935
235.10814566 117.86369271
788.97595147 667.29626375
454.54595351 254.95536024
717.80994757 354.68201593
275.51527597 509.75362595
615.5616043  439.12211779
785.21197016 776.55033534
292.65006976  97.40639602
557.75572757 460.05466906
257.53947645 285.64097915
425.70555264 597.02470792
480.32415765 312.81477504
569.50027504 212.71915251
729.12291127 425.14026072
368.93754876 299.51229284
279.14302989 427.00454124
508.03509829 316.07433788
775.70361975 651.96900511
422.33506123 706.67114231
355.34159714 630.05030378
694.49159351 241.27272607
545.27972733 126.71369107
533.37163574  83.94378588
521.25243777  14.25420449
651.78078272 249.68446242
236.17639374 435.94885244
541.68965578 209.59246182
722.65577041 563.26230886
460.07739377 434.78717867
532.38549113 401.68163436
777.54795244 597.3371938 
478.80195174 340.45431532
616.66657277  94.13077583
608.45473226 285.90007185
730.11626179  79.9586184 
716.60762385 381.96594566
531.81347474 111.46394213
645.1723445  414.81112921
231.37963861 226.99530061
685.29593725 116.5871492 
614.51549733 148.67928481
313.40159822 292.69003857
727.44884897 452.80784177
725.15654918 189.96950911
284.20479446 316.98230478
731.24005945 370.22374479
286.67305665 580.72496035
743.33063386 413.16967885
636.54881372 289.20694195
560.62987828  87.55174126
521.56930831 331.27229319
470.6669988  215.00285292
653.47718784 541.02384065
378.95978806  52.34563247
493.54300396 328.38296643
562.40346186  32.75183229
765.431463   554.20158323
417.66953773 126.06744893
415.80511288 181.20121013
526.83491603 221.24365632
787.63095897 694.29391059
419.37953319 416.47168256
529.60910314 456.80245716
285.276927   289.34869139
397.41304332 621.22893513
281.33150731 372.12934294
384.62415555 578.29031815
766.86730974 526.88900642
265.40988078 412.07397881
571.56073234 475.54981735
760.32377231  28.11415876
391.10484058  95.28936523
288.50944633 207.14503772
403.01592839 138.05151337
606.86948304 313.32602289
739.53304419 178.12945726
773.66220367  43.28365324
585.8140102  463.26739821
505.44561513 370.76170454
553.23251686 570.74913418
721.56836225 590.75613118
588.54231493 408.44796817
677.67877384 308.25732469
229.88309724 601.71096169
690.5361742    6.41369414
753.36370165 511.0626524 
352.00119804  21.86804303
416.89370687 471.03488867
401.32270247 511.02197678
187.63633127 582.36937793
506.44876588  25.81080246
425.20769461 624.62625975
670.86197772 473.22793522
746.6461496 676.0202207
271.12894009 301.30491523
696.91120296 186.78589219
245.15726257 562.16644559
250.93938395 423.64194919
664.90179144 611.20529455
445.02080157 156.57021514
471.52657737 505.41138247
359.34660283 519.75460715
744.91066108 730.6952411 
430.06060927 169.04668152
572.54040466 448.2981813 
631.9953092   54.66328188
724.03115917 535.8470046 
316.05384707 556.06580105
589.74081468  63.13862342
203.82818294 543.06779628
303.43972536 513.11058489
442.78693387 529.93131322
542.94313918 472.26890847
506.31064573  53.11730803
531.32553631 429.18162545
612.29777013 203.89811718
684.51349264 143.51828255
518.89804336 386.01949391
419.23490022  98.30849022
619.01332227 356.42037644
782.22893835 486.99544988
772.52701805 733.921937  
774.35754041 679.17975353
459.34558867 462.09026606
490.86749196 383.22077199
745.51272667 703.05963478
750.48422417 566.63509133
218.23946619 211.51524863
464.27068159 352.45848305
659.5578526  402.94544746
280.19002474  54.6072924 
477.93852583  49.70888484
725.25107037 507.76622012
482.81668861 576.02834403
546.6558856  99.2315109
376.22322635 107.3995904 
488.34511112 438.1314874 
669.13796293 183.35613365
604.67208551  24.20207994
660.3825636  375.43936758
561.35126231 377.89595949
527.59011658 512.10906348
795.68354796 502.22931233
500.13485054 190.60483221
187.30800703 263.28928009
311.92796523 320.32355381
683.59788763 171.17114735
727.33311551 134.98905862
463.3874819   61.71082259
441.43322618 557.51247208
684.9442576  461.23864165
591.65142333   8.5796835 
608.50631137 604.59298974
598.57115273 188.4228619 
232.69090768 200.06411047
587.45792888 435.7803255 
414.91546138 526.6078528 
615.09562592 121.89363408
729.44794685 770.26557848
628.61954763 136.82113554
600.8983331  133.41635751
433.91080485 776.82846767
773.21195402  70.62697033
627.66450855 482.39652015
739.80847655 495.67554225
503.0946162  425.83503305
175.08225567 220.29360667
586.6385039  145.29521176
145.83886598 244.51361826
491.95799816 355.49921375
744.05370184 758.03637621
473.74846943 450.29961394
656.51508137 139.93090459
420.74622645  70.77451591
553.34069207 252.08534899
628.90094271 454.54832415
452.87676565 627.97975728
681.83134849 544.53868324
252.32803252 396.35146037
349.4647636   76.65524623
449.85564238  46.97272398
534.68205353 346.85236686
647.2409825  359.65974449
376.95168973 424.95393207
703.48876803  21.88594987
646.14359746 387.19047287
519.61857037  68.34724256
568.29513094 239.82767002
392.52677436  67.6405007 
402.09688872 483.25156748
203.31831534 223.91954372
234.86330619 463.16823451
204.4380039  196.21326703
221.03986403 129.82547386
336.40376561  61.07698821
429.49341437 513.63793719
713.79419823 119.88908449
630.93420793  82.28613158
394.43198058  13.15916257
428.85884873 196.77823031
468.13572377 588.19129239
676.31484665 335.78136219
645.61325411  69.77830065
202.38050968 570.97848194
761.04330908 664.13779592
757.1886622  773.60660563
658.52029826 430.19523652
544.44353593 444.92765031
367.09017453   9.51054735
325.10819253 335.70093753
293.77421769  69.94492542
424.08690948 652.04193591
455.13919471 572.56043706
160.43964062 232.40605699
548.11685935 361.9145103 
699.03840304 131.5660327 
219.26081001 184.5079607 
429.99815036 486.56425255
640.09990441 207.45176626
245.08513738 242.33679107
629.78806383 109.55786341
248.29380031 478.9570934 
388.14255009 495.43028932
289.94997106 497.78335518
525.16213475 567.32480072
693.59683516 587.39013154
616.74335747 411.64988636
517.67248493 413.94612303
233.82143788 491.36483321
396.65799384 648.59281593
350.82070117  49.26697687
664.15497525 638.50969174
582.84073442 227.58725163
452.13004944 655.33949119
489.62880641 410.69507273
439.69066719 612.32249658
262.77477776 466.70728119
469.46570913 560.54442171
635.16906991 316.76564023
300.37897207 596.03695355
290.88949203 469.7639727 
360.16694523 491.94554752
651.16001823 595.91059243
762.33419172 636.51427248
696.3647626  532.34511812
547.58845838  71.52494674
643.07288569 124.91632399
269.63377483 328.6660323 
710.376481   202.14209398
672.44532737 100.69071097
447.69057178 101.4823708 
588.85875421  90.89257222
796.03836659 184.20290241
691.00654577 323.87814769
760.54177271 346.22831562
455.84535352 227.4033459 
186.93938805 610.43335046
457.20298643 517.31555151
219.14971467 503.09530401
369.73172568 617.80526183
467.40025976 615.59189013
205.66512459 169.16310438
332.00771888 489.01272132
503.83583159 108.14537352
730.97058162  52.42050219
752.11820475 538.75040469
422.90721638 679.61250149
192.96348134 126.10343539
173.0092407  274.85470537
559.64669598 114.88134627
453.98209386 600.48085502
652.11379592 568.75073603
470.68223169 533.12790998
202.35558038 251.22898148
282.77243692 344.54901388
715.101157    92.18570103
224.30842686 392.51461306
174.13723195 247.90642581
637.39744999 580.85160765
103.6069909 572.4665959
609.46075002 577.47153238
408.75185578 691.37879105
225.48364302 364.94723786
407.37168061  55.47292133
570.98500728 185.36930838
212.40908831   4.9234053 
731.86317655  25.17274468
648.42553348 332.49127318
555.57134445 515.56333135
443.82843424 502.09909604
533.4038658  374.36232051
161.82830303 204.91231471
715.56026579 410.08149334
504.88657463  80.62841216
799.40699714 764.76899416
499.17698682 218.09181773
695.01791516 560.11754704
782.58858448 168.93264546
488.81910776 120.13396705
409.81180996 664.14610704
289.21373164 525.27616235
657.17916882 457.70764918
574.29756603 102.66218309
243.11655653 297.39468635
222.28408644 102.17128339
188.6302653  235.62724101
232.84517975 518.74548741
545.8679566  417.28599105
718.90900236   9.54955304
524.32719749 276.00814223
465.65702291 325.08203853
328.23196937 599.30738464
178.3776453  138.17709814
237.59225587 408.29360473
529.54386983 166.21803594
365.31518953  37.11922245
514.99349135 468.58232862
192.17458    153.35569884
413.72448807 553.88099856
223.1134166  420.72767032
497.36830584 245.64538281
160.64430128 551.85297542
221.30856498 448.03702573
786.28442504 749.03203423
450.94392063  19.26520571
434.0530882   86.37521327
327.42713758 626.61694982
215.73277119 266.49711934
771.80595512  98.08572041
314.13919416 611.21776589
131.33337286 603.3031869 
631.34198972 399.46540897
308.49404077  57.9165558 
395.35093975 675.98009761
432.36035903 113.96520153
712.56010301 147.25234249
742.17659715 440.54602044
496.57225193 273.17235717
218.06488332 531.29450933
626.88174166 509.64922601
215.90513764 586.56446065
623.04815926 592.8254933 
326.41640414 654.33184528
610.4959966  549.94475658
625.67277947 537.85563729
801.34729564 709.90186002
194.5344094  98.8205832
268.0417209  356.71513663
655.6328553  167.67431729
 45.37775713 301.29965287
143.76974779 299.66477599
482.27899388 603.18306101
781.10697307 196.89916374
331.50323564 516.16596839
759.8438603   55.35561435
735.22523001 606.14906934
581.57902862 255.3875684 
177.43077325 165.77920372
746.41197109  12.98047248
523.12481563 303.95723668
410.79448045 636.58530837
678.25886917 626.55349738
564.21214613 322.427933  
636.57410968 607.95354339
638.98252663 553.52772583
544.36881739 154.18725439
604.39718132  51.44470165
295.60897139  15.32760939
190.92861748 180.87384245
379.70365056  25.10300024
525.51526092 249.07133897
348.53959382 104.06811693
506.80138441 343.71903563
337.19688531  33.74417587
459.70295359 144.13978826
542.34997563 499.57665239
731.64652105 688.13119055
582.59724644 546.43433157
485.18361071 520.96131953
421.56906101  43.48175065
673.28167227 418.45189742
709.72902508 547.72215493
589.84238185 380.55490105
613.37978173 176.55463737
587.23675877 118.1554734 
491.76470413  64.74015026
642.34305522 469.68146093
726.16670356 162.4297711 
257.92166804 604.72896128
393.57700381  40.24168816
743.1256765  785.25266964
285.89836911 608.25291406
661.50620381 348.08057139
731.32098736 715.39662386
538.65922776 264.39539242
528.55849087 484.6055943 
570.16812631 503.26091719
758.45220609 745.91135865
603.041993    78.81280313
768.84474905 153.68667263
402.02207355 165.74576419
602.31768586 423.69325704
 73.131032   304.95900225
436.14673222  31.43102982
598.5834741  506.39927333
520.23288523 358.66997245
 89.30761189 584.43727198
520.47582204  40.81836663
516.33777757 441.40039822
583.57258993 519.00893924
209.59415482 404.94367771
590.5570508   35.94828729
513.93248527 496.69576604
394.46909581 703.27230135
618.00522635  66.65413467
404.27461293 110.73789771
669.61421634 501.12219722
445.76175592 129.20270527
774.91146632  16.34317016
206.75411546 460.17091451
650.50845592 623.23103468
591.11339121 353.03560179
208.71181568  86.85437327
755.3241688  137.94363517
340.85245127 641.90969059
 18.20984978 270.77556705
612.13758846 522.48926972
253.44410703 368.4332266 
726.33089514 480.41962012
759.14179644 718.40445497
322.85496203  46.00962759
706.58455296 630.24091956
677.40117064 654.28495347
755.98204147 800.92872826
670.97617652 128.53766417
207.54389894 114.2934652 
614.37178536 466.12746401
513.42647811 206.17966322
393.4245457  731.06037937
718.76115881 672.46381645
747.84391962 648.55666789
602.25264073 106.20530156
767.88795139 181.54182307
407.92388656  28.32161775
531.00694626 138.69007047
159.6997858  579.53579057
800.42914413 737.2361299 
550.81800774 306.76565272
 87.70628081 292.61760917
380.51453007 688.25283249
526.86510655 539.89000722
557.85164118 169.41284268
116.04220628 296.12934707
662.87922351 320.53437414
148.44516227 189.49999612
116.68104428 268.4631018 
518.46262462  95.70961905
728.24467918 107.79242809
462.21925554  89.41339296
600.88811709 451.57540709
644.55108438  97.51608986
464.13414039  34.51288989
497.44360816 563.92439796
740.64346555 150.53007042
159.20477927 259.93803995
186.72136985 290.46182696
691.79411778 641.81819407
585.44737312 172.92266889
618.48337264  39.21131131
 32.82442002 258.93761752
309.23154336  30.67339869
131.05623855 256.74393857
472.60087617 477.76815264
176.73552111 511.76015398
475.21451041 422.78314497
118.00656442 560.55536142
213.28448426 321.64572767
171.63252115 303.08038861
292.045865   442.93948781
178.66156782 456.79023803
658.90106691  85.57441573
502.36983191 135.48597171
210.19418721  59.56933433
469.1444699  242.66770398
299.38574029 623.89918687
716.08288179 754.81136011
632.35792914 371.96255315
576.95677611  20.98406485
147.0726687  217.10314704
466.36654476 642.97438797
498.71577784 536.58219133
595.96915758 561.93657528
575.34825567  75.51867448
175.50072054 539.90837923
494.96055638 300.62785879
208.17729789 432.33936543
266.62292533 383.97680538
770.88158588 788.6806473 
  4.96885348 574.64043552
551.59825921 625.49096052
476.81298886  77.13944099
605.46997958 341.08826022
537.80654709 291.64908765
176.50871083 193.1185142 
548.97924458  17.43375606
492.63803065  37.71614423
 32.01961039 285.91152656
622.18209975 620.18101152
600.18945116 160.86666145
145.87026289 564.08368979
617.80462522 383.8056412 
660.28226807  58.11547939
217.06288317 558.52679331
556.15656047 197.01527214
501.56939073 453.54048274
438.49863628 639.76643454
162.13031358 524.52810184
216.98750932 239.02296664
657.68509318 112.94067624
367.4348302  672.89476408
702.99197994  48.95248999
783.94111369 141.23918203
204.83430207 515.55418027
754.26412022 166.01378165
797.37658896 156.88352862
211.88540842 349.75988322
392.65649343 758.36509002
237.92821035  62.76307526
490.70373208  92.55455129
798.48256493 792.23666373
405.68840986  83.24811732
548.53882119  44.55696036
554.8784851  224.38415742
552.49002578 279.52567669
679.25650384 599.46146378
190.19684272 527.76321939
297.37913266 332.32326969
378.37486786 770.33984258
384.11780153 605.81061978
189.95167659 208.4250536 
485.56726761 203.1500215 
720.79987665 617.99983091
512.30826188 233.69270544
246.15955238 534.20809364
578.92716365 310.38557543
 46.16215616 273.96919759
566.733367  586.0601744
540.28270004 236.88546116
597.39660268 534.57098115
262.02552962 494.15231607
556.30414196 487.792529  
686.75418201  89.01939885
472.11161845 187.62608999
199.86584852 306.36072154
536.43043488 319.31661312
668.69457499 529.31709349
195.58245649  71.11638639
743.42424746  95.03059183
730.55509897 742.77558321
272.13033861 593.11727303
162.74890306 177.65418521
720.08332343 645.07875817
674.43079091  46.02036889
144.90459108 591.61733808
214.90346229 294.2024085 
435.52786505 722.25252451
682.49957534 198.43657868
641.44270174 497.94312211
630.52138816 427.02334856
701.56567372  76.63667536
294.85833721  42.53626341
 47.56563044 246.43071247
647.19156797  15.54906646
698.26261229 159.37539308
716.93692553 727.49603367
240.001957  352.8751755
689.83877908 696.6759183 
379.89219234 715.60400863
152.2524874  425.74421833
382.21500607 660.91230329
421.21455328 734.53645962
321.73934718  73.38176344
474.23820912 132.31760385
168.06087652 386.04207444
704.15644443 684.78173389
744.52074665  67.24212266
364.92006938 754.99405636
711.0377841  520.18866033
487.96757855 147.36262301
547.22538449 389.58389868
368.83483048 645.2337188 
784.91250211 113.79329634
196.39423589 389.2298148 
379.37221521 742.90453543
420.76866203 761.57929955
717.37447988  37.07296799
542.97429986 181.6960563 
450.51793925 682.76373675
690.90876516 669.49752444
660.79601945  30.82749996
509.90787884 288.47508951
 88.736244   265.33247436
365.6769563  727.58618222
 75.33789931 250.09800171
190.78700081 500.04580852
181.51461903 401.46723517
220.12189949 476.00577926
193.31129623 445.04595422
437.45628715 667.21459568
224.07964299  47.83152806
341.82223848 614.91206711
569.37831483 530.87455753
130.30001621 284.05208862
649.45760322 650.72632591
228.15979029 309.87411833
177.38431428 484.49338515
619.45217202  12.49772763
516.08282706 150.51857483
577.64949691 337.76125923
666.93243256 556.7473446 
241.59331697 325.32224494
 60.31261031 608.54074967
310.67913932 694.15825496
692.92383523 614.94266412
633.63988331 344.42198821
 58.43378478 316.68093133
201.28635176 278.7179783 
195.02644845 417.08324176
501.91487175 162.81852204
352.89080241 685.09398371
132.31383959 229.08392912
251.05495369  78.40630707
164.15246706 149.7433062 
16.02466535  8.26587214
205.59180718 487.48635839
523.36204341 621.98092877
509.81605032 606.8201981 
711.95486662 492.39271237
493.58585748  10.5726153 
567.71594062 558.80996496
 74.08425853 277.50095224
 60.74076244 261.97129066
173.0474268  594.98844985
266.70957099  39.07958769
210.46823264 377.42823345
 88.23725338 611.94330806
579.73319124 628.62992974
447.62330697 792.08447343
102.00698833 280.85529594
711.59134412 174.83565656
238.39885235 381.05258356
473.14717586 159.55651135
715.38757056 782.01493995
537.99557308 610.12579954
180.295512   429.14074122
643.90378488 442.57658715
662.86369554 665.55642396
103.05100918 253.57308981
733.09183522 660.92549387
655.73468923 485.63500653
594.8257584  589.39826475
745.82128815  39.95191144
422.59251237  16.37530462
133.02736412 548.42676798
580.31579537 601.35153649
461.00937561 807.63278295
210.55440157  32.15942605
684.10858755 488.99315476
119.11806302 213.87168725
256.3208257  313.16358118
800.16023961 101.46449814
142.5613203  327.17457243
541.44317981 527.40727236
102.92951278 600.34924695
 59.74207242 289.48885539
654.94069873 513.44550744
682.95011662 516.74366834
200.55629012 625.78274931
229.03941436 629.00131357
188.89307092 555.33132398
407.23743011 746.13500058
783.77298191 804.06322207
486.07873367 493.0650241 
150.90960417 453.39699764
131.85595997 576.08109157
633.00187186  27.66978607
404.92343427 801.22688722
717.58716551 700.14118275
265.79220299  66.43628071
243.97639279 589.56337033
406.1668224 773.7815629
475.35740829 104.53207972
640.50927153 525.41523575
185.3452107  318.42717926
448.49826906  74.00712494
758.10961564  82.94351352
117.87418397 241.00132157
741.71628392 122.72734105
352.2238209  711.85290823
500.284286   481.28994497
584.90046085 491.06410803
339.56679861 669.67461425
511.85533197 551.71650631
243.15416747 617.23315813
150.22983499 134.83573352
688.3633986   61.15536662
391.89218281 785.52497793
149.55394783 162.21434141
800.95458742  73.83618781
116.15968102 615.76587006
646.39244302  42.45803822
170.33064818 330.95507164
 80.45187844 458.15638861
252.11800387  51.07043645
179.28439796 110.81227219
 74.55405273 596.80056039
607.70212253 631.89632508
486.70674579 175.41851603
366.21502585 700.44237589
524.00217162 594.8932822 
173.9937492  567.29781562
407.76023517 719.00968149
552.13674236 597.91682647
703.50088361 712.14077552
313.04788354 639.04054043
238.72365764  35.65298372
716.6180676   64.26592894
271.43796029 620.42397492
323.90052047  18.9209412 
280.68246949  27.54514123
449.28351418 737.65166407
 55.05697981 399.58811779
191.97645556 472.11848823
147.19202021 536.5648914 
 19.43366635 243.52334049
158.39855865 287.55552931
435.25825076 749.53757188
510.65841632 579.29292131
 96.42247702 418.39642727
363.75656477 782.30233977
252.68962504  24.01905282
481.04012587 630.95490276
448.41112017 765.24816587
 83.01729031 402.94100125
156.62024563 315.11652384
462.92192301 752.89574983
496.09436941 591.46842258
133.84196203 201.87465696
197.37321526 361.52181977
136.39602634 465.06771263
549.56836286 334.61651339
182.03980524  55.82057535
151.58910742 107.49794533
 61.10180899 581.19567694
728.29045517 797.44020842
 54.2230763  427.28644212
 56.99907517 691.63006346
675.29627131  18.67835862
 85.15608974 347.82979191
149.26851919 480.97948859
166.47076373  95.00462155
 69.35143969 387.07489413
134.16526654 521.02045582
593.74006497 616.861743  
675.85619353 708.55782945
 90.33362184 557.43982547
254.84640482 341.24905893
354.18128092 657.44964212
197.20319595  16.72974751
83.88491384 57.50399778
584.31748259 200.48383061
460.67466066 117.17056882
127.76344484 339.27626972
382.91463158 633.39004309
119.25003262 532.73046789
115.41172821 642.97885104
700.81740563 104.0872579 
 44.04253508 328.82672842
528.4340956  193.99089486
499.69273691 508.6423937 
621.55091623 647.08666271
662.05243301 693.00450523
267.81721216  12.1847692 
513.15822879 524.20245959
162.9390502  496.65849711
705.37815583 657.20932568
786.26653148  86.40060457
120.51503565 505.0568802 
 17.8085228  298.09902478
123.15010294 449.86178468
 56.07106108 371.64327022
688.41548399 751.30440007
770.41021493 126.13355301
117.03479277 587.75435528
 42.51516409 356.07909896
338.43494081 696.7390951 
 58.12150982 663.7950235 
 75.67999316 569.24790148
 86.34144919 320.30474053
 32.8867253  578.08767791
458.38199878 172.44930319
 20.67645686 215.90248377
436.27415431 694.80846448
104.28153121 225.86510665
163.91107039 468.76634154
495.36455173 618.95617649
 71.9385947  332.11134105
134.75964827 174.3397469 
676.3341467  681.02807207
124.54343918 422.30713079
 19.41232073 562.89277044
99.19450527 18.43727732
673.53937697  73.30945351
517.51849347 123.26907125
503.11353837 799.23176937
153.73274058 397.68542309
479.93187149 658.7565274 
 52.63756777 455.01856686
144.34482207 619.20716389
114.51160933 323.55214625
688.87469719  33.95388925
165.00489811 122.66917434
734.45265561 633.44975544
125.75688496 394.40071137
 89.91599686 237.83343443
599.47662621 479.2584241 
196.39679235  43.8424525 
  5.97089048 228.13008903
592.90110608 643.84972975
465.35150993 670.57369731
 73.77815861 624.05366555
508.96742378 634.32838351
223.10562797  74.9811811 
 77.295933   541.70979651
606.56216811 659.40794885
135.12335326 493.10390325
148.55664106 508.74909381
130.12213142 630.88806005
476.19359535 768.40455028
152.93842864  79.76070913
 67.16073077 442.69800143
 86.4340845  667.20846979
105.21302613 545.10886274
154.29480193 370.52066104
311.82750846 666.38644012
198.87672411 334.11994139
798.64453606 129.13924364
105.68657938 198.38853687
 22.1427353  507.51810406
298.62451548 650.85197758
106.84488555 171.05480743
107.85913451 143.32479511
493.28253174 673.85084332
478.4600235  686.16402647
613.21513352 494.35043207
450.02741653 710.16332223
120.47954418 186.3418457 
137.40079251 438.08781746
 15.89449592 325.70379353
538.68069967 582.35683883
 64.82711951 498.76352516
226.66770868 337.55149947
 12.64858681 755.10043799
169.32275346 358.0706147 
165.52341209 441.25842702
 87.45930897 639.21386468
256.90080037 632.68169675
506.94064749 689.40639283
 98.49273957 363.30765595
756.5276757  110.56512795
324.44157473 708.97088854
432.98376339 804.52798887
377.28929565 797.49418244
689.2457235  724.04007961
167.68727731  67.83425715
477.92563904 713.54821908
136.17919561 146.64216782
43.20034855 11.85333482
108.24701759 461.67986467
 11.43886099 782.32833073
 28.48938819 715.45889204
136.81003825 119.58038419
515.18053916 178.66807803
539.97510587 555.21484529
172.46738161 622.39607954
 24.7151065  451.79790311
325.21648091 681.21448857
100.7610864  308.30427164
182.78539562  28.81270643
 94.72958483 127.89636901
 33.84877664 231.20646828
494.59696454 646.37652955
214.30595101 641.32332705
 97.51228262 390.62148062
620.17580983 674.29733515
84.53777237 30.65674245
 36.09256866 523.22531995
 39.37680664 439.58877576
 28.98644332 687.88602562
 46.39280327 593.5291753 
635.61935636 635.14489531
 29.12926136 341.09295783
 70.77056304 359.83918625
702.86647893 739.6833811 
 27.60205983 742.91925878
 82.05274522 430.75620229
475.45498149 795.73805352
701.67252515 767.05044139
 96.04607163 100.54386441
297.35646276 678.49752383
283.87233574 663.61737479
550.29131231 652.72498147
240.29416646   8.05790746
 34.42294516 550.6325658 
 17.45034123 617.45121275
648.38558608 677.78515306
661.08180992 720.24008415
225.12006946  20.44860699
128.83177149 311.52917295
296.37482797 705.62094627
 27.92867082 368.36724002
 30.45926721 313.59314877
121.75908047 477.39002559
107.0878102  489.63412741
 50.08067091 191.78596386
126.77814902  22.03130102
180.70099887  83.42414491
 13.35232477 727.65210571
 40.25797247 412.25852649
169.79597003  13.40545451
321.35170109 791.13986986
168.52079025  40.18103083
154.10707628  52.75561492
 59.40208682 636.13505285
419.74292351 788.92240925
 11.3426396  436.52532131
 27.25735018 395.90591165
166.75634772 413.87912503
295.36832954 733.42447078
 18.28949598 590.09865696
 68.31279126 415.00242394
564.81386676 640.76958735
105.99783179 517.44376949
183.81270265 346.13653538
 84.49398666 722.4425505 
 93.53685952 474.02127395
 26.30480275 770.44048315
  6.39652009 547.22519415
674.09126136 763.67235525
 48.580691   219.19189327
337.0059732  751.45821517
 99.44431942 336.13357178
281.98411453 718.55796743
334.51175256 806.76953869
 84.9930116  694.81352445
101.98261604 627.48281516
154.57339299  25.17847568
565.71680534 613.56238702
 10.16607903 463.18744581
 54.42554353 773.82402357
532.19064357 774.98179466
143.86873928 646.44609246
138.38573952  92.04775852
114.47060597 670.76907806
 56.50444634 719.0197317 
350.09380451 767.29548453
309.84117185 721.30081501
 92.49937924 183.00536259
336.01644949 779.05578065
 40.90822013 758.54833697
201.5226098  598.18677078
141.16563431 354.46247347
285.05704723 635.58159101
139.69343776  64.04998577
337.91975129 724.53729242
 76.58122631 222.43255679
535.67652528 665.1350938 
 38.02458046 467.07687501
227.44477091 656.78015342
142.09860328   9.36120719
151.71095584 799.79382967
14.37992923 35.37363014
349.52129936 794.22959636
 51.22615564 483.05430498
159.04485321 606.72059887
 70.77822643 706.89192799
 91.67645519 529.51706533
28.80234878 23.79183716
 21.9953391  188.81760919
322.25306048 763.91335666
 36.55812184 176.2985652 
 32.19075753 605.34116119
672.75537165 790.74235444
27.908282   50.86927085
270.8825157  647.92251023
 13.5689426  380.95814275
111.83697547 379.15284367
687.54811018 779.04757701
 52.79858926 801.27773916
674.70214135 735.63788342
182.604936   373.81247972
530.68555382 802.4345605 
126.29652524 366.63691845
138.98545726 410.33708986
 95.2795214  446.28297736
 91.39262477 210.35976241
545.36312017 790.47407702
 41.45360056 383.8158618 
700.52379749 794.65740352
351.42961586 739.85816789
 47.49660655 566.12489876
464.21358016 698.03511819
 48.89790489 538.60343253
307.87047469 776.27567148
 45.66699901 620.66755543
67.91628269 97.21498325
185.00371039 665.83965758
 82.22978832 777.32851073
522.50570181 649.66188366
 25.01736789 797.6120511 
112.34704148  33.56157667
 83.8522437  375.40794089
268.35888646 703.03615446
108.71832922 116.39333971
215.25664523 613.43733558
100.99845547 655.29263402
 57.03536775 344.27287063
 81.17797723 112.72033838
 65.86108792 151.90875285
558.36711102 805.77658527
 62.28440951 553.87820592
591.90943024 671.34801807
686.02284763 806.77340873
536.60438705 637.38858556
 51.19119648 164.29949472
578.61210219 656.15157899
517.90962873 786.69458773
82.6353786  85.13587106
123.75843977 796.41992927
113.02515408 351.10072518
 68.78534708 762.18126825
199.77173304 652.99018511
70.22596149 42.12209739
  8.81757174 491.98680667
185.94042544 637.68578299
 55.59918244 746.30167974
 78.9739724  167.52211757
71.54627764 15.11503852
129.04536787 658.89078733
96.99513908 73.02860292
 77.8742604 195.073758 
122.28427121 131.67693261
 42.52531429 703.35360545
634.65761012 662.79842902
490.73013484 756.47935446
521.08728159 677.10660513
 99.87781075 682.8196939 
12.26847221 90.37649521
154.00899139 744.95463476
 20.80439778 534.89351774
490.22072436 783.43800119
 72.96051644 651.61340932
520.03720342 704.77628577
155.58023421 689.72601876
281.04973958 745.35269778
110.21219865  88.61960727
155.69725279 342.90548067
 38.43480846 121.52609403
461.86129958 780.56783161
 15.45298727 672.41463499
213.28305441 668.59191439
 29.98329226 660.57904504
308.89746759 748.94238135
282.57121236 690.59305484
647.16262084 705.47334238
 52.16974271 136.68259065
507.54903796 662.14550242
492.05016923 701.47905003
323.20129203 736.18441421
158.25554293 634.62123084
 26.3939133  423.53319556
241.35020348 672.01639421
518.35077799 759.9540737 
 35.27171212 204.08345644
 78.40978586 513.86024109
139.7865969  382.34544542
 44.96754983 648.19251798
505.34599022 744.03534049
534.66309891 692.53281462
 31.46824503 632.74853705
 61.8444358  234.53628569
109.5081462  434.49337643
294.44567389 760.59807004
491.62678943 729.05481078
 16.70049078 644.78441264
56.65314399 26.83210454
123.82649859 103.88392794
659.05264125 775.67512949
 93.53467674 155.28771209
278.34824769 800.56468773
 92.82139072 501.79575198
660.51114626 747.66037617
 79.96626221 139.91770918
98.13935321 45.88114264
41.60540947 66.03681427
617.39370714 756.83005917
 14.73190699 353.20371305
631.93473469 744.47478296
646.24182713 732.91666065
  7.8670708 519.5857461
110.6965158  407.00856814
 66.66651581 124.72761194
113.09443402 698.50129734
  7.18780854 200.89253261
 14.28199418 700.04411018
40.18553982 93.87564674
279.93482584 773.20234047
 39.54088829 785.86490643
126.22049793  49.04001555
504.31998499 771.64837408
 67.62425156 789.23745834
156.78617447 662.0722474 
171.76310005 649.98809513
55.989742   54.27179608
293.50488149 788.26666751
121.46664834 158.76050546
111.77346193 753.48994583
242.54957272 644.32237635
306.44767181 803.64849516
250.30249726 797.67172178
 37.74698968 148.69515869
 23.27877387 161.01794625
266.27139038 757.91780483
254.38406043 687.75145982
 63.15832927 207.24101944
 41.62314186 731.16572338
168.71138883 732.64641081
124.84522994 769.02150069
139.64208838 756.96967032
111.71788779  61.1045948 
13.49638929 62.80045161
645.35340196 760.56082028
169.24175198 705.32967501
226.02905184 711.80462855
54.53173312 81.70331578
153.19604594 772.33255485
618.3276254  729.33903084
633.33303998 689.89005456
127.73906212 686.1303796 
141.40652385 701.89316885
618.99348056 701.90062458
140.66499098  36.85952455
463.32948882 725.7574451 
 71.7825472  679.37051271
125.10775634  76.58530679
112.68249404 726.03245683
 65.81786494 470.7851654 
 96.91560031 765.70608764
 98.29874906 737.98811107
 69.81150806 734.48047962
 79.2702228  486.25857546
198.50317036 680.99482445
194.19995539 791.16294661
142.47208296 674.1384603 
 12.70971052 408.38777827
605.5271248 686.5534348
265.25847947 785.2675163 
519.22287971 732.47733462
573.13969719 793.95426123
 23.31671548 479.20066979
42.35007075 39.09687389
549.23251557 680.16787388
196.823186   736.06932657
563.47134896 668.35762195
 83.7487966  750.04700126
477.17561242 741.17699484
138.63231078 784.42836764
126.27158808 741.53030349
126.97003638 713.91551249
505.76121911 716.88674794
630.76513496 772.74169271
69.48985216 69.53723061
 10.66669501 118.1094366 
166.45487876 787.93123354
632.81522745 717.13899619
616.48340166 784.46478023
 25.46998761 105.63301359
140.51376257 729.5286659 
 63.94076448 526.18236372
180.68272649 775.68173286
 64.32494278 179.79327957
223.78613653 766.8602524 
545.94558674 763.19009431
269.46720654 674.99968406
 50.43683733 510.55413313
602.66273811 769.0846938 
560.10501928 777.78172516
211.90653911 696.54581608
547.57289352 735.29870508
110.48450671 780.78816704
183.93872135 693.08435857
 99.01730728 710.60669737
108.76297661 808.33051035
644.32898451 788.20270591
26.90504213 78.24179701
167.22320533 760.5774585 
534.16973434 719.90133779
183.04854627 720.68555622
573.9996034  766.14656397
 23.91060596 133.6326001 
  9.73519982 145.30451294
252.98390287 742.65784974
251.46934297 770.19730016
170.50839696 677.4973858 
 95.74929687 792.92173369
267.3351721  730.23266813
195.66197923 763.54660151
629.43146041 800.14120949
207.34776175 806.51360522
222.44421041 794.32490134
238.14696943 754.70670182
 43.76508231 675.8098548 
240.0553616 699.6929406
155.19738236 717.16962929
532.90793498 747.36589935
239.27814384 727.62767509
604.71261934 713.83264846
562.70848225 695.65411414
237.17109326 782.11109125
210.33308806 751.58673982
226.51604766 684.30052471
 53.28343823 109.46601649
255.70981272 659.88376109
  8.32791682 173.41457994
197.75848574 708.36361533
657.64625549 803.63138552
 37.06423233 495.27734939
600.95710543 797.26321224
179.49882248 803.12953078
211.29158326 724.07285305
590.67820103 698.71520467
208.92408453 779.14851111
576.23059798 711.00883799
577.27430216 683.29536331
253.59859231 715.01240926
560.97837561 750.44253587
182.24126722 748.20388853
 80.62378418 805.19098342
548.25183789 707.6290899 
589.04210647 753.7546068 
603.89129392 741.54876772
588.13259261 781.35026411
224.89850779 739.45501311
589.93185385 726.14193166
561.87561377 722.89456865
575.51713206 738.39945327
